name, announcenent, update_name, update_announcement
Project_1, Announcement_1, Update_Project_1, Update_Announcement_1
Project_2, Announcement_2, Update_Project_2, Update_Announcement_2
Project_3, Announcement_3, Update_Project_3, Update_Announcement_3